bert : 0.02994818652849741
fasttext : 0.020059973115499948
bm25 : 0.029779753903422603
tfidf : 0.10681418674387344
countvec : 0.04311860200599731
